image: willowgarage.pgm
resolution: 0.050000
origin: [-16.116638, -25.987249, 0.000000]
negate: 0
occupied_thresh: 0.65
free_thresh: 0.196

